0 8 4 9 2 9 5 3 6 8 3 5 6 8 2 2 6 4 2 9 
8 0 2 6 4 7 3 10 5 1 4 8 7 10 7 2 9 1 2 5 
4 2 0 3 7 4 8 2 9 5 5 2 2 10 4 10 2 9 6 8 
9 6 3 0 3 5 4 6 10 4 4 10 2 6 10 4 7 6 7 4 
2 4 7 3 0 10 6 7 10 2 1 2 3 10 7 5 3 5 10 3 
9 7 4 5 10 0 9 6 6 6 5 1 10 6 3 7 5 6 3 3 
5 3 8 4 6 9 0 4 8 2 9 6 1 2 8 4 5 8 10 1 
3 10 2 6 7 6 4 0 2 6 2 4 7 7 10 2 3 2 3 9 
6 5 9 10 10 6 8 2 0 6 9 5 2 4 7 7 3 10 8 9 
8 1 5 4 2 6 2 6 6 0 3 9 6 8 5 5 8 5 7 5 
3 4 5 4 1 5 9 2 9 3 0 8 10 1 4 1 5 9 3 9 
5 8 2 10 2 1 6 4 5 9 8 0 9 8 8 3 1 3 2 10 
6 7 2 2 3 10 1 7 2 6 10 9 0 7 3 9 5 5 7 3 
8 10 10 6 10 6 2 7 4 8 1 8 7 0 3 4 9 2 10 5 
2 7 4 10 7 3 8 10 7 5 4 8 3 3 0 6 8 7 9 3 
2 2 10 4 5 7 4 2 7 5 1 3 9 4 6 0 9 5 1 1 
6 9 2 7 3 5 5 3 3 8 5 1 5 9 8 9 0 3 9 1 
4 1 9 6 5 6 8 2 10 5 9 3 5 2 7 5 3 0 2 4 
2 2 6 7 10 3 10 3 8 7 3 2 7 10 9 1 9 2 0 3 
9 5 8 4 3 3 1 9 9 5 9 10 3 5 3 1 1 4 3 0
