1000 2530
1 6 15
1 657 12
1 752 19
1 859 6
2 331 10
2 337 8
2 498 11
2 529 12
2 634 12
3 228 8
3 263 20
3 292 13
3 517 10
3 858 11
4 228 11
4 654 10
4 686 14
4 795 16
4 811 16
5 54 13
5 107 17
5 508 12
5 551 13
6 20 9
6 66 11
6 228 8
6 466 11
7 73 13
7 311 15
7 372 20
7 450 18
7 519 9
7 611 6
7 615 18
7 625 12
7 637 8
7 880 7
7 906 13
8 231 13
8 266 19
8 661 19
9 101 19
9 190 16
9 271 19
9 521 10
9 618 12
9 781 6
9 824 19
9 896 10
10 439 18
11 46 15
11 169 8
11 271 19
12 262 11
12 598 17
13 26 20
13 89 7
13 324 18
13 423 15
13 486 13
13 607 7
13 869 17
13 896 12
14 149 5
14 280 8
14 300 10
14 309 13
14 520 17
14 554 6
14 573 6
14 581 20
14 964 12
15 171 12
15 313 6
15 668 20
15 790 17
16 69 11
16 170 13
16 518 18
16 926 10
16 976 11
17 56 12
17 81 15
17 94 6
17 96 14
17 151 8
17 450 20
17 598 19
17 602 15
17 890 19
18 712 13
18 797 19
18 851 6
18 866 9
18 925 6
19 71 14
19 390 7
19 471 13
19 643 6
19 693 7
20 554 19
20 982 7
21 228 14
21 361 20
21 373 19
21 449 14
21 510 5
21 511 5
21 579 19
21 624 14
21 822 9
21 940 16
22 47 13
22 133 13
22 568 9
22 739 6
22 771 9
23 108 13
23 194 14
23 345 15
23 352 17
23 627 16
23 998 15
24 97 20
24 205 16
24 209 13
24 454 17
24 616 16
24 667 14
24 805 13
24 969 19
25 31 19
25 319 12
25 419 19
25 772 14
25 961 10
26 333 8
26 757 8
26 809 6
27 291 8
27 365 18
27 416 20
27 880 20
28 267 16
28 533 18
28 549 18
28 600 15
28 675 10
28 718 15
29 412 14
29 469 18
30 241 17
30 397 5
30 508 20
30 784 13
30 844 5
30 878 14
30 987 17
31 84 16
31 132 6
31 249 8
31 377 19
31 475 8
31 640 18
32 110 9
32 386 14
32 398 20
32 412 6
32 719 16
33 102 20
33 196 13
33 529 15
33 746 15
33 826 7
33 861 6
34 100 15
34 321 20
34 396 13
34 538 6
34 846 11
35 65 8
35 481 7
35 841 6
35 859 14
35 870 17
35 985 11
36 244 10
36 664 15
36 884 14
36 954 16
37 94 15
37 125 14
37 701 7
37 888 12
38 160 6
38 163 10
38 446 10
38 742 8
39 126 20
39 493 10
39 972 14
40 386 7
40 490 6
40 713 19
40 782 13
41 79 16
41 90 9
41 261 10
41 310 8
41 344 19
41 646 10
41 668 19
41 807 8
42 229 7
42 371 18
42 725 13
43 107 6
43 193 5
43 317 13
43 479 5
43 526 16
43 585 13
43 701 19
44 499 19
44 584 15
44 595 13
44 785 16
44 811 6
44 820 8
45 69 5
45 152 6
45 197 10
45 670 15
46 327 12
47 79 10
47 369 12
47 563 9
47 737 5
47 902 9
48 149 18
48 458 7
48 561 11
48 607 17
48 968 5
49 82 10
49 232 10
49 290 19
49 554 17
49 848 14
50 496 14
50 595 9
51 348 17
51 352 5
51 743 18
51 760 12
51 815 16
51 818 18
52 246 12
52 535 11
52 602 5
52 700 11
52 902 7
52 937 9
52 988 14
53 204 10
53 297 6
53 426 15
54 72 6
54 527 14
55 203 20
55 342 9
55 379 7
55 694 10
55 718 20
55 744 13
55 749 15
55 979 5
56 87 16
56 330 8
56 416 12
56 805 19
56 865 18
57 215 12
57 342 15
57 504 12
57 925 8
58 658 11
58 686 14
59 225 6
59 273 9
59 500 13
59 741 17
59 882 15
60 747 12
60 795 12
60 840 9
60 938 15
62 66 13
62 168 13
62 248 5
62 634 10
62 982 17
62 994 15
63 141 14
63 167 18
63 192 19
63 219 14
63 246 17
63 381 18
63 432 11
63 447 13
63 544 8
63 768 18
63 934 16
64 81 9
64 88 6
64 487 19
64 590 11
64 831 8
65 99 20
65 398 18
65 675 7
66 75 7
66 413 9
66 513 20
66 530 14
66 547 13
66 635 16
66 659 17
66 719 17
66 779 6
67 82 19
67 452 18
67 574 7
67 646 9
67 735 12
68 269 18
68 451 20
68 646 11
68 931 19
69 664 7
70 484 10
70 523 5
70 638 13
70 671 11
70 683 18
71 435 16
71 470 10
71 497 11
71 769 6
71 838 14
71 910 19
71 918 12
72 315 14
72 373 5
72 984 17
73 133 11
73 137 16
73 575 9
73 700 18
74 455 7
74 949 16
74 981 16
75 551 15
75 645 20
75 755 10
75 977 18
76 208 13
76 421 20
76 441 17
76 566 14
76 619 6
76 852 5
77 79 11
77 235 10
77 334 18
77 428 14
77 793 13
77 940 17
77 963 19
78 122 14
78 382 6
78 667 8
78 761 7
79 153 14
79 253 11
79 310 5
79 412 19
79 494 12
79 568 20
79 581 17
79 634 19
80 217 16
80 903 18
81 792 5
82 742 6
82 824 6
82 875 17
82 878 12
83 440 17
83 505 14
83 626 11
83 727 14
83 934 9
83 987 17
84 357 17
84 405 16
84 838 11
85 375 13
85 378 18
85 388 14
85 884 13
86 148 15
86 170 20
86 393 15
86 742 17
87 145 6
87 162 14
87 261 8
87 443 20
87 741 18
87 777 5
88 124 5
88 546 6
88 596 12
89 456 6
89 546 5
89 557 6
89 615 17
89 662 7
89 752 14
89 812 16
90 366 17
90 698 10
90 845 20
91 399 8
91 403 9
91 827 16
91 971 7
92 727 12
92 740 14
92 748 19
92 898 5
92 909 19
93 101 11
93 103 12
93 114 14
93 133 15
93 297 12
93 444 15
93 668 19
94 178 15
94 223 17
94 474 9
95 796 11
95 852 10
95 893 14
96 735 8
96 937 9
97 433 6
97 685 10
97 916 8
98 184 14
98 270 16
98 408 20
98 702 12
99 166 17
99 340 16
99 649 18
100 325 5
100 331 15
100 575 16
100 797 18
100 860 12
100 948 19
101 170 7
101 545 18
101 608 17
101 644 8
101 877 15
102 156 7
102 490 7
102 572 11
102 578 12
102 686 12
102 803 19
102 845 17
103 300 13
103 425 17
103 445 12
103 805 16
103 984 8
104 191 14
104 337 19
104 922 6
105 476 11
105 553 20
105 664 12
105 698 13
105 714 12
105 744 16
106 113 11
106 410 16
106 577 12
106 771 10
107 289 20
107 793 6
107 845 16
108 705 19
108 740 14
108 814 19
109 866 8
110 177 20
110 256 16
110 314 7
110 421 10
110 544 14
110 578 6
110 652 11
110 724 11
110 800 10
110 819 19
110 838 18
111 465 5
111 485 6
111 791 10
111 870 17
111 934 11
112 236 16
112 636 10
112 797 18
112 895 10
112 959 10
112 977 7
114 238 12
114 415 9
114 789 12
114 978 14
115 258 8
115 356 8
115 367 16
115 456 9
116 228 5
116 358 18
116 504 15
116 849 11
117 147 10
117 191 7
117 467 17
117 566 18
117 610 16
117 684 19
117 805 7
117 865 11
118 214 9
118 554 6
118 732 14
119 445 14
119 507 18
119 642 15
119 676 9
119 691 7
119 836 13
120 381 15
120 690 20
120 962 11
121 246 17
121 266 5
121 336 12
121 344 20
121 539 14
121 549 15
121 565 15
121 635 6
122 314 17
122 317 5
122 412 8
122 427 19
122 957 15
123 169 13
123 529 19
123 535 7
123 886 18
123 950 18
124 200 9
124 451 8
124 544 5
124 558 11
124 564 16
124 610 10
124 612 13
125 128 14
125 191 6
125 399 14
125 414 5
125 562 12
125 582 18
125 931 15
126 130 16
126 348 9
126 602 17
127 449 6
127 521 18
127 524 20
127 820 18
127 925 12
128 267 6
128 271 13
128 487 8
128 651 17
128 753 7
128 804 7
129 156 12
129 200 9
129 760 19
129 950 10
130 244 14
130 612 11
131 264 19
131 303 8
131 345 16
131 347 5
131 523 12
131 654 8
131 694 18
131 697 17
131 887 14
131 966 16
132 225 15
132 327 11
132 337 11
132 518 12
132 579 14
132 624 6
132 671 18
132 701 18
132 708 12
132 806 11
133 170 17
133 192 18
133 194 13
133 366 9
133 714 13
133 759 19
134 595 14
134 671 7
134 720 5
134 736 19
134 799 11
135 942 19
136 643 17
136 719 20
136 998 15
137 199 6
138 945 8
139 276 12
141 304 7
141 566 20
141 812 16
142 212 18
142 385 17
142 462 12
142 567 20
142 865 20
143 304 17
143 746 15
144 410 11
144 491 15
144 810 20
144 819 11
145 181 9
145 461 10
145 481 14
145 586 15
145 642 5
146 270 15
146 272 12
146 291 15
146 300 11
146 513 9
146 543 7
146 574 5
146 679 7
146 760 17
146 798 5
147 264 9
147 369 9
147 891 12
147 917 15
148 269 12
148 401 16
148 523 9
148 972 13
149 180 11
150 301 15
150 528 19
150 653 11
150 757 5
151 387 7
151 476 10
151 713 5
151 881 15
152 220 15
152 314 14
152 772 20
152 795 10
152 885 18
152 915 9
153 529 6
153 653 15
153 746 17
153 882 18
154 270 10
154 322 8
154 368 9
154 580 7
154 748 9
154 810 19
154 900 7
155 377 5
155 619 20
155 669 12
155 828 12
155 876 9
156 705 6
156 727 18
157 204 11
157 305 19
157 317 16
157 523 12
157 888 17
158 646 8
158 661 20
158 803 11
158 893 8
158 943 13
159 329 16
159 677 9
159 757 9
160 504 9
161 254 12
161 293 16
161 301 8
161 729 14
161 900 19
162 502 9
162 762 11
163 166 8
163 605 16
163 654 15
163 775 12
164 259 6
164 533 10
165 310 6
165 600 20
166 185 6
166 281 20
166 420 15
166 643 20
166 701 12
166 761 16
166 838 19
167 305 12
167 349 20
167 424 16
167 449 15
168 281 6
168 843 16
168 998 19
169 452 6
169 593 6
169 750 10
170 616 5
170 704 7
170 804 10
170 962 8
170 983 16
171 313 17
171 360 18
171 621 16
171 950 8
172 439 5
172 467 19
172 630 19
172 705 7
172 733 8
172 822 19
172 834 13
172 941 16
174 262 17
174 280 16
174 316 13
174 574 18
174 936 5
175 228 10
175 278 18
175 316 16
175 332 9
175 705 7
175 783 14
175 881 20
175 997 6
176 191 17
176 226 7
176 481 12
177 219 14
177 683 20
177 900 5
178 236 14
178 264 20
178 715 11
178 746 17
179 196 17
179 557 13
179 801 19
180 516 9
180 716 5
180 798 7
180 891 10
181 186 7
181 757 15
181 940 11
182 291 15
182 456 12
182 653 17
182 659 20
182 711 19
182 903 9
182 913 9
183 596 12
183 695 11
183 710 13
183 732 14
183 837 13
184 309 11
184 778 13
184 898 19
185 288 9
186 333 10
186 357 12
186 680 17
186 735 6
186 989 12
187 246 6
187 422 15
187 494 10
187 649 5
187 727 13
187 750 10
188 632 16
188 764 11
188 806 13
189 643 20
189 710 16
189 761 11
189 857 16
189 933 17
189 937 9
190 218 13
190 232 17
190 261 6
190 291 20
190 391 14
191 342 12
191 377 8
191 459 18
191 542 7
191 565 8
191 791 10
192 412 20
192 422 10
192 714 18
192 977 18
193 366 13
193 636 12
193 909 11
194 311 19
194 535 15
194 561 5
194 572 6
194 803 15
194 813 16
195 291 20
195 773 19
195 866 7
196 462 13
196 471 9
196 556 17
196 885 20
197 382 20
197 933 13
198 380 11
198 543 18
198 795 12
198 942 8
199 364 6
199 480 9
199 814 14
199 967 20
200 230 18
200 282 20
200 314 5
200 331 10
200 433 16
200 711 18
200 864 12
201 247 7
201 301 18
201 443 7
201 495 8
201 498 17
201 533 12
201 592 5
201 656 19
201 784 18
201 896 18
201 971 15
202 348 16
202 471 19
202 578 19
202 591 8
202 740 10
202 807 13
202 842 7
202 993 14
203 236 10
203 459 6
203 567 8
203 791 13
204 467 7
204 623 9
204 943 8
205 350 6
205 484 12
205 970 6
206 244 10
206 433 9
206 565 17
206 864 20
207 481 14
207 572 10
207 671 10
208 250 19
208 267 8
208 298 11
208 719 6
209 290 7
209 534 15
209 772 15
209 963 15
209 971 20
210 614 7
210 902 10
211 245 17
211 300 16
211 557 11
212 490 5
212 645 8
212 677 16
212 687 12
213 378 6
213 479 5
213 533 18
213 543 15
213 549 9
213 584 10
213 667 13
213 956 12
213 990 16
214 485 17
214 492 10
214 644 10
214 784 20
214 985 9
215 820 8
215 835 5
215 846 19
216 223 8
216 252 9
216 263 14
216 355 18
216 659 18
216 765 9
217 547 11
217 882 15
218 250 12
218 583 9
219 314 10
219 432 9
220 342 18
220 397 16
220 566 17
221 431 15
221 505 8
221 566 5
221 679 16
221 811 17
221 830 19
222 454 20
222 468 13
224 248 10
224 406 19
224 542 12
224 579 10
224 679 14
224 757 15
225 460 16
226 238 20
226 263 16
226 459 18
226 685 15
226 723 15
227 462 16
227 468 17
227 586 8
227 777 5
227 826 12
227 895 8
227 942 16
228 265 14
228 462 5
228 543 6
228 570 15
228 584 6
228 743 9
228 823 12
229 460 20
229 517 17
229 600 16
229 778 6
229 880 16
229 921 11
230 343 6
230 547 8
230 558 12
230 662 18
230 908 11
230 949 16
231 274 19
231 353 16
231 383 6
231 421 20
231 718 18
232 379 12
232 609 18
232 620 8
232 764 7
232 979 15
233 308 10
233 337 13
233 801 5
233 812 7
234 398 18
234 668 17
234 844 20
235 364 5
235 405 9
235 458 5
235 709 11
235 718 5
235 807 17
235 940 8
235 969 11
236 307 17
236 324 16
236 476 16
236 595 10
237 375 17
237 873 5
237 979 9
238 435 12
238 595 19
238 715 20
239 346 17
239 478 6
239 542 6
239 638 6
240 403 10
240 792 8
241 285 5
241 741 15
241 755 17
241 779 9
241 814 5
241 818 11
241 840 19
241 977 5
241 985 17
242 319 5
242 515 20
242 533 15
242 562 6
242 576 19
242 611 11
242 848 20
242 926 11
242 974 14
243 289 20
243 799 14
243 834 20
244 536 12
244 573 10
245 259 6
245 717 8
245 865 6
245 958 15
246 257 17
246 294 16
247 287 11
247 393 12
247 457 10
247 483 10
247 630 10
247 903 15
247 983 20
248 260 7
248 275 20
248 317 20
248 508 9
248 840 10
248 994 13
249 434 6
249 457 6
250 307 13
250 531 9
251 566 14
251 582 5
251 932 10
252 301 10
252 664 17
252 782 8
252 827 17
252 892 19
252 912 9
253 778 5
253 804 10
254 533 6
255 452 5
255 575 15
255 616 10
255 958 12
256 319 6
256 825 10
257 290 5
257 507 13
257 570 9
257 618 18
257 679 12
257 691 6
258 270 7
258 297 14
258 545 11
258 718 16
259 742 15
259 762 6
259 815 6
259 819 13
259 832 5
260 261 20
260 334 12
260 487 13
261 703 20
261 758 9
262 465 13
262 554 12
262 890 7
262 937 6
263 454 13
263 475 19
263 585 19
263 674 17
263 709 13
263 772 5
263 979 20
264 381 5
264 955 19
265 993 20
266 872 13
267 322 17
267 454 14
267 510 6
267 802 16
268 291 7
268 465 8
268 775 6
268 781 7
268 932 18
269 353 20
269 607 10
269 738 12
270 371 12
270 916 11
271 608 14
272 362 13
272 541 14
272 612 7
272 616 17
272 984 12
273 561 18
273 612 17
273 654 14
273 712 7
273 753 5
273 778 19
273 896 11
273 944 20
275 338 11
275 513 14
275 531 12
275 612 14
275 625 15
275 682 8
275 984 11
276 292 15
276 341 11
276 357 20
276 457 7
276 499 11
276 606 7
276 755 16
277 287 7
277 377 18
277 393 16
277 419 17
277 829 13
277 840 8
278 533 11
278 570 20
278 855 9
279 297 18
279 920 20
280 383 17
280 453 14
280 520 17
280 723 16
280 942 12
281 784 13
282 476 14
282 681 14
282 776 13
283 482 18
283 695 8
283 809 13
283 824 9
284 919 8
285 491 8
285 495 17
285 718 5
285 748 18
285 769 6
285 799 17
286 461 5
286 633 8
286 637 7
286 691 7
286 882 18
287 297 17
287 325 13
287 508 13
287 751 7
287 952 19
288 329 10
288 536 19
288 761 10
288 904 9
289 503 8
289 605 6
289 846 10
289 890 5
289 896 10
289 948 11
290 335 20
290 518 19
290 800 7
291 876 9
291 960 5
291 963 15
292 474 13
292 493 5
292 821 9
292 877 20
293 336 19
293 373 11
293 643 12
293 655 15
293 705 5
293 748 18
294 547 6
294 661 14
294 999 5
295 420 6
295 503 13
295 513 13
295 538 12
295 622 15
295 749 16
295 767 16
295 789 19
296 519 7
296 665 20
296 849 9
297 641 6
297 884 14
298 549 11
298 644 9
298 687 18
298 773 10
299 428 5
299 496 16
299 910 10
300 308 7
300 522 20
300 965 11
301 913 20
302 418 13
302 527 12
302 732 10
302 774 14
303 450 7
303 505 12
303 627 18
303 706 10
303 998 14
304 515 19
304 574 17
305 412 15
306 375 16
307 514 17
307 542 18
307 678 14
307 967 17
308 478 9
308 587 8
308 789 6
308 884 6
309 520 5
309 551 18
309 919 8
310 874 18
310 878 7
311 774 19
311 865 19
312 598 13
312 914 8
313 336 19
313 921 5
313 963 13
314 588 9
314 710 13
314 997 20
315 409 10
315 437 5
315 440 16
315 553 6
315 814 13
315 846 11
316 363 11
316 379 12
316 469 5
316 642 10
317 586 12
317 638 7
317 690 7
317 731 16
317 923 6
318 349 15
318 486 16
318 659 19
318 743 5
320 466 14
320 481 20
320 635 11
320 747 18
320 979 17
321 387 7
321 484 10
321 577 11
321 653 7
321 898 11
321 968 15
321 994 13
322 498 10
322 538 8
322 688 20
322 888 18
323 644 6
323 812 10
324 456 5
324 601 8
325 917 11
325 944 19
326 450 17
326 504 20
326 556 8
326 684 11
326 687 16
326 696 14
326 836 12
326 994 11
327 360 11
327 965 15
328 656 17
328 811 7
328 824 10
328 981 19
329 376 8
329 718 9
329 907 11
330 407 13
330 468 6
330 589 5
331 543 20
331 605 13
331 933 17
331 943 16
332 597 14
332 631 15
332 836 6
332 840 11
332 912 11
332 934 11
332 965 10
333 548 10
333 714 19
333 925 14
333 932 13
334 391 11
334 466 9
334 518 12
334 574 13
334 579 7
334 606 8
334 735 10
335 462 8
335 644 20
336 928 15
336 941 11
337 373 6
337 829 18
338 714 19
338 724 7
339 553 9
339 568 6
340 375 20
340 565 16
340 842 15
340 984 17
341 417 6
341 494 20
341 848 18
342 693 18
342 916 12
343 599 19
343 611 20
344 367 17
345 535 17
345 766 16
345 938 9
346 584 8
346 808 6
347 424 13
347 683 18
347 735 19
347 822 17
347 865 7
348 372 16
348 655 18
349 477 20
349 560 7
349 963 6
350 475 12
350 653 11
351 681 16
351 884 15
351 977 16
352 474 15
352 657 16
352 712 15
352 977 19
353 399 20
353 406 11
353 436 7
353 469 8
353 543 17
353 565 6
353 774 7
354 397 10
354 418 5
354 453 13
354 533 6
354 551 14
354 765 11
354 858 17
354 884 11
354 970 14
355 866 9
356 476 6
357 432 7
357 689 5
357 727 14
359 383 19
359 565 18
359 660 15
359 687 7
359 701 15
359 828 16
360 451 6
360 706 15
361 375 16
361 456 18
361 614 7
361 655 10
362 567 13
362 825 14
362 855 13
363 442 6
363 445 14
363 599 18
363 695 13
363 898 20
363 938 9
363 964 16
363 969 13
364 917 8
364 944 11
365 590 17
365 913 12
365 923 17
365 961 9
366 601 9
366 656 11
366 725 15
366 838 12
367 473 6
367 782 10
368 558 7
369 549 11
369 697 10
369 779 6
370 561 10
371 542 6
371 617 9
371 893 6
372 377 17
372 660 9
372 790 9
373 531 14
373 546 7
373 773 10
373 893 19
373 979 18
374 490 5
374 517 19
375 522 14
375 875 5
375 888 12
377 555 11
377 937 13
378 545 14
378 555 16
378 803 14
379 479 7
379 692 16
380 513 5
380 576 16
380 616 18
381 518 9
382 731 19
382 876 6
382 923 20
383 495 19
383 534 7
383 754 10
384 551 18
384 712 5
385 460 11
385 567 10
385 625 18
385 681 8
385 940 6
386 392 14
386 443 6
386 577 5
386 606 5
386 687 11
386 875 12
386 887 11
387 422 10
387 804 6
388 585 9
388 592 16
388 760 12
389 509 7
389 548 15
390 417 11
390 443 6
390 537 12
390 782 6
391 517 19
391 518 15
391 799 11
391 900 7
391 918 20
392 473 16
393 511 9
393 715 14
393 804 6
393 884 7
393 891 10
393 959 7
395 412 14
395 551 17
395 830 13
396 402 6
396 669 14
396 677 11
396 860 12
396 915 13
396 939 9
397 545 17
397 567 14
397 723 13
397 881 18
398 748 5
398 889 7
399 404 13
399 585 5
399 722 20
400 580 18
400 634 16
401 625 11
401 636 17
401 850 6
401 941 12
402 479 16
402 579 19
402 627 7
402 693 9
402 705 13
402 909 17
403 482 8
403 568 20
403 574 16
403 581 11
403 850 14
403 861 6
403 940 11
404 546 14
404 597 9
404 646 20
404 827 9
404 978 12
406 515 7
406 746 5
406 777 8
406 917 6
406 988 14
407 488 16
407 609 6
408 583 20
408 675 7
408 736 16
408 774 14
409 524 8
409 872 19
410 434 18
411 610 8
411 717 10
411 759 13
411 778 16
412 557 20
412 587 17
412 850 9
413 547 5
413 924 14
413 927 13
414 651 6
414 777 14
415 941 20
416 516 15
416 531 13
417 599 20
417 701 14
417 804 9
418 441 19
418 535 17
418 557 5
418 583 11
418 662 12
418 804 9
419 517 7
419 594 18
419 963 20
420 674 13
420 731 20
420 838 6
421 714 14
421 795 7
421 973 14
422 552 5
423 490 20
423 649 20
423 772 13
423 977 11
424 523 5
424 527 6
424 894 9
424 964 16
425 447 19
425 730 5
426 502 8
426 799 20
426 852 13
426 926 14
426 978 17
428 794 14
428 865 18
429 683 19
430 468 5
430 588 11
430 609 19
430 966 5
432 865 15
433 497 11
433 767 10
434 581 19
434 610 6
434 671 5
435 551 13
435 678 14
436 916 13
437 711 12
437 926 18
438 461 13
438 465 16
438 501 5
438 731 13
438 875 13
439 447 12
439 531 20
439 541 9
439 596 15
439 887 15
440 453 20
440 483 11
440 551 13
440 629 10
440 721 10
441 736 17
441 882 10
441 975 20
442 587 10
442 650 16
442 779 10
442 826 5
442 890 14
443 626 19
443 656 16
444 455 19
444 525 19
444 617 5
444 683 6
444 717 8
444 957 12
445 979 7
446 535 11
446 599 13
446 686 13
446 799 7
447 743 12
447 765 11
447 858 10
447 908 13
448 468 8
448 833 20
449 935 12
450 528 6
450 533 13
450 589 13
450 996 8
451 647 12
451 736 7
451 749 9
452 474 10
452 481 14
452 531 17
452 663 10
452 724 11
453 959 6
454 547 16
454 737 9
455 567 10
455 568 9
455 621 12
455 673 11
455 974 6
457 921 6
458 498 6
458 646 12
459 727 20
459 956 16
459 993 19
460 646 10
460 744 6
460 764 6
460 937 7
461 863 14
462 639 18
463 500 11
463 502 12
463 588 14
463 808 20
463 821 7
463 829 11
464 522 20
464 546 5
464 616 14
464 692 9
464 753 14
464 879 11
464 890 17
465 848 7
466 557 13
466 566 18
466 588 5
466 745 17
466 796 6
466 992 7
467 985 16
468 662 18
468 805 16
469 579 17
469 655 9
469 782 8
469 824 13
470 766 9
470 859 17
470 906 20
470 994 14
471 492 20
471 868 17
471 937 10
472 541 12
472 807 6
472 939 16
473 726 20
473 727 19
473 797 17
473 810 18
473 970 15
474 826 16
475 478 13
475 881 18
475 951 5
477 723 15
477 875 12
477 996 14
478 837 5
478 986 15
479 505 6
479 515 16
479 516 10
479 578 10
479 745 13
479 813 8
480 796 9
482 545 6
482 883 16
483 777 19
483 820 12
483 918 14
483 949 20
484 548 14
485 533 10
485 614 9
485 642 20
485 770 17
485 815 18
485 903 6
485 906 10
485 908 18
485 993 16
486 583 12
486 982 14
487 782 12
487 845 10
487 956 11
488 511 9
488 754 13
488 838 16
489 791 8
490 865 11
491 508 5
491 646 11
491 843 8
492 722 11
492 912 14
492 968 8
493 703 7
493 798 8
494 736 11
494 792 11
494 922 12
495 972 5
496 579 8
496 723 12
496 856 12
496 974 10
497 583 20
497 618 16
497 642 18
497 654 13
498 618 15
498 646 18
498 898 17
499 572 20
500 746 7
500 773 20
501 502 7
501 665 18
501 876 14
502 522 16
502 923 12
503 592 7
503 746 15
503 782 9
504 888 13
504 896 13
505 705 13
505 928 20
507 713 19
507 739 8
507 767 11
509 949 12
510 659 13
510 862 7
511 606 9
511 607 20
511 641 8
511 738 11
512 577 6
512 741 14
512 974 17
513 541 14
513 545 5
514 596 11
514 834 11
515 656 13
515 808 17
515 978 20
516 610 11
516 722 15
516 833 15
516 851 15
516 925 7
517 723 13
517 748 16
518 715 7
519 601 15
520 614 15
521 916 7
522 651 14
522 789 17
522 853 11
522 949 10
523 540 14
523 670 19
523 823 7
524 954 19
524 995 19
525 589 14
525 599 8
525 658 13
526 559 5
526 669 10
527 988 19
528 771 12
528 972 10
529 594 13
529 676 18
529 829 20
529 910 17
530 771 18
530 937 20
531 599 17
531 702 14
531 825 18
531 891 15
531 892 12
533 586 13
533 609 14
533 677 9
533 681 6
533 736 10
533 838 12
534 545 10
534 630 5
534 642 19
534 800 14
536 768 15
536 778 9
536 922 19
536 946 17
537 597 14
537 654 18
538 745 5
538 755 16
538 862 9
540 575 12
540 820 5
540 823 16
540 926 10
541 599 20
541 600 14
541 766 7
541 969 19
542 599 6
542 694 6
542 701 14
543 805 10
544 550 7
544 817 15
544 931 18
545 947 8
546 837 8
546 927 15
548 605 8
548 700 8
548 776 17
548 811 11
548 902 13
548 976 14
549 619 15
550 609 9
550 945 20
551 749 9
551 885 10
552 646 20
552 831 6
552 897 10
552 938 19
553 623 9
553 737 10
553 806 6
553 971 18
556 557 6
556 559 13
557 575 19
557 820 12
558 652 7
558 688 13
559 926 16
560 794 7
560 883 7
562 629 14
562 655 17
562 705 12
563 919 19
563 928 20
564 608 13
564 647 7
564 763 19
565 742 10
566 644 16
566 964 11
567 569 15
567 616 9
567 653 12
567 707 18
567 934 5
569 990 13
570 697 13
570 701 10
570 717 8
571 743 6
571 813 16
571 853 20
572 745 20
572 889 16
573 817 8
573 928 20
574 652 10
574 978 11
574 995 6
577 722 14
577 856 16
577 930 18
578 586 15
578 607 9
578 614 10
579 726 5
579 853 14
579 891 11
579 917 12
580 609 5
581 591 9
582 955 13
582 973 10
583 797 18
583 805 16
583 944 14
584 713 12
584 739 14
584 811 5
584 870 5
584 890 10
585 812 12
585 872 14
586 910 11
586 922 19
586 945 18
587 903 15
587 948 8
589 599 13
589 937 11
590 687 16
590 780 18
590 905 20
591 767 18
591 832 17
592 753 9
593 600 18
593 601 13
593 981 6
594 659 20
595 747 20
595 945 10
595 948 10
596 770 12
596 805 13
597 702 15
597 721 9
597 950 8
597 988 12
598 691 18
598 788 20
598 826 18
599 619 10
600 628 18
601 793 14
601 924 12
601 982 11
602 828 7
602 938 8
603 689 19
603 889 10
603 915 19
604 688 18
604 716 10
604 926 16
605 684 20
605 980 19
606 637 5
606 692 16
606 762 20
607 745 10
608 810 7
608 860 10
608 867 15
608 968 20
609 737 7
609 795 18
609 850 12
610 993 6
611 666 17
612 972 9
613 633 7
613 651 9
613 735 8
613 862 20
614 623 13
614 649 17
614 698 20
614 721 19
614 769 9
614 773 9
615 890 8
616 637 16
616 882 17
617 707 15
617 896 20
617 914 5
618 643 11
618 685 11
618 711 5
619 697 15
619 722 20
619 747 11
619 764 8
619 958 18
620 764 7
621 852 17
621 863 18
621 978 19
622 869 7
622 944 17
623 635 15
623 740 6
623 794 17
623 800 10
623 851 18
623 866 18
623 877 15
624 988 13
625 920 20
626 839 12
627 911 19
628 829 15
629 777 10
630 701 6
631 718 15
631 731 19
631 813 10
631 992 19
632 846 20
634 710 9
634 787 11
634 825 12
635 810 14
636 729 7
637 639 14
638 787 8
638 933 9
638 975 17
639 774 20
640 726 8
641 693 19
641 939 12
642 659 18
644 837 11
644 906 20
645 823 12
645 863 6
646 700 10
646 896 13
647 715 15
647 870 18
648 668 12
648 910 16
649 826 17
650 669 13
650 721 5
650 828 5
650 935 14
650 968 17
651 846 20
651 892 8
652 796 19
654 925 10
656 821 18
656 925 7
657 676 6
657 823 17
657 925 14
658 664 14
658 674 19
658 682 9
658 845 17
658 945 8
658 984 8
660 712 14
660 734 17
662 980 17
663 854 14
663 917 14
664 866 13
665 785 7
665 814 12
665 918 11
665 959 9
666 794 18
666 938 16
667 718 9
668 731 10
668 881 6
668 939 7
669 857 14
670 679 18
670 884 5
670 955 10
671 779 17
673 792 8
673 896 11
675 721 8
677 713 17
677 759 7
679 691 20
679 867 6
680 689 14
680 814 16
680 954 11
680 999 11
681 736 16
681 749 13
681 811 6
681 991 8
682 847 19
682 895 18
683 711 15
683 847 12
686 747 6
687 755 11
687 787 13
687 808 12
688 897 5
690 759 20
691 771 9
691 807 15
691 906 6
691 987 13
692 802 12
693 818 6
693 864 11
696 766 7
696 913 20
697 870 7
697 953 13
697 962 6
698 977 13
699 720 18
699 849 10
700 701 12
700 803 19
700 881 18
701 770 12
702 879 18
702 886 19
703 772 7
703 869 9
703 873 19
703 876 6
704 730 17
706 985 11
706 988 16
707 726 8
707 808 14
707 928 16
710 956 8
712 784 6
712 798 17
712 826 16
712 833 9
713 934 6
714 748 15
715 719 20
715 749 11
716 791 15
718 880 15
718 958 9
719 795 14
719 951 7
719 981 6
720 802 15
720 1000 19
721 765 8
721 780 9
721 991 20
722 728 16
722 769 11
722 797 9
722 983 13
724 762 6
724 818 7
726 793 7
726 867 8
727 999 8
728 813 7
728 949 5
729 863 18
731 744 8
732 743 10
733 941 15
734 777 8
734 834 17
735 788 15
738 744 19
739 781 13
739 793 15
739 863 17
740 807 19
740 968 16
741 994 5
743 756 20
743 833 8
743 898 13
744 826 18
744 907 14
745 895 19
747 947 5
747 992 6
748 925 18
749 898 11
751 933 14
752 878 14
752 953 12
754 772 10
754 958 15
756 821 5
757 807 7
757 905 20
758 846 19
759 929 5
760 961 18
760 987 20
762 869 16
762 972 7
762 976 8
763 848 8
764 915 20
765 887 6
766 960 11
767 812 7
767 919 19
768 795 18
768 800 19
768 989 17
769 843 18
769 989 16
770 895 11
771 855 20
771 940 20
771 986 19
772 935 5
777 844 9
777 937 14
779 787 19
781 829 10
781 969 10
782 907 20
782 912 18
785 871 5
785 912 20
787 924 20
788 826 17
788 867 5
789 870 14
790 813 20
791 829 17
791 905 7
791 961 20
792 964 6
794 872 16
795 799 8
796 890 17
799 866 19
799 978 12
801 881 11
801 932 6
802 830 13
802 873 13
802 996 12
804 915 11
805 845 20
805 867 19
806 853 18
807 812 5
807 855 15
807 944 9
807 976 7
808 920 20
810 815 13
810 953 18
818 861 10
818 921 19
819 923 8
820 852 17
821 869 6
821 979 16
822 868 18
829 959 13
832 959 16
833 937 12
834 840 14
838 898 5
838 931 20
839 842 13
839 986 15
839 992 5
840 858 12
840 997 11
845 855 18
849 964 12
850 904 8
851 896 7
851 905 12
856 957 11
857 997 10
858 926 17
860 975 17
862 980 5
866 990 20
867 915 14
869 935 16
872 961 5
873 893 17
875 921 14
875 991 6
876 893 9
878 915 14
879 948 14
879 961 20
880 952 6
882 949 5
887 957 10
890 908 15
896 917 13
896 941 17
897 987 17
898 980 18
899 985 18
899 994 8
900 939 5
903 910 10
903 921 13
905 954 5
906 915 15
907 957 15
909 970 9
916 920 6
917 960 13
918 936 13
931 970 6
933 955 11
944 973 7
944 994 5
946 983 16
948 957 9
952 984 13
956 1000 18
968 985 15
